0 16 0 8 4 0 0 2 0 6 0 15 0 11 7 5
0 0 0 10 0 13 0 8 0 9 0 14 0 0 0 0
0 0 4 0 0 0 15 9 10 11 0 0 12 16 0 0
6 0 0 01 0 0 7 0 0 2 12 0 3 0 0 13
2 0 0 0 0 0 0 0 5 0 0 11 0 8 0 0
0 0 01 7 16 0 14 0 0 10 0 0 0 9 0 0
15 3 0 0 0 4 0 0 0 0 6 2 0 13 16 10
0 0 9 0 01 10 13 0 0 14 4 0 15 12 0 11
7 14 0 15 0 11 10 0 0 0 0 0 6 4 0 0
0 5 6 0 0 0 9 0 0 0 0 7 0 01 0 0
10 0 0 0 0 7 0 0 14 0 15 0 2 3 0 0
0 11 8 12 0 0 0 0 4 0 0 0 9 0 0 0
3 0 0 0 7 0 0 16 0 0 0 13 14 6 5 8
5 0 0 0 0 0 0 0 0 01 0 0 11 0 0 0
12 0 7 0 0 0 6 4 0 0 0 0 0 0 0 0
0 0 13 6 0 8 0 3 0 15 9 0 0 2 01 0
+
15 0 0 0 11 0 0 9 13 0 0 0 3 0 0 0
2 7 0 0 0 8 0 13 0 0 0 0 0 5 16 0
11 0 13 0 0 16 15 12 14 0 0 0 0 0 6 0
6 0 10 12 14 0 0 0 9 0 0 0 0 0 0 11
0 9 01 0 12 11 5 0 3 0 0 14 0 0 0 15
0 0 0 4 10 0 8 0 0 12 13 0 16 14 0 0
0 0 0 8 16 0 0 6 15 0 0 2 0 01 0 0
0 10 7 16 0 0 13 0 0 01 0 5 11 0 0 0
0 0 0 0 15 0 4 0 0 11 10 0 0 0 01 0
0 5 6 15 0 13 14 0 8 0 12 16 0 0 4 10
0 0 12 0 0 0 9 0 5 0 0 0 0 0 11 0
0 16 0 0 0 12 0 0 7 4 0 9 0 0 0 8
12 11 8 0 0 0 0 14 10 0 0 13 7 0 0 0
4 0 0 7 0 0 0 0 2 0 0 0 0 15 0 16
0 01 5 14 0 0 0 15 0 0 0 0 8 9 0 4
16 0 0 0 0 0 0 0 0 0 9 0 13 0 12 0
+
3 5 0 8 16 0 6 0 0 0 7 0 0 10 9 4
0 0 16 13 0 9 0 0 11 10 0 0 0 0 15 14
14 0 0 11 15 7 10 0 0 0 0 0 0 5 8 0
6 0 0 0 0 0 0 5 16 0 0 0 3 12 0 11
0 0 0 0 0 0 0 4 5 9 2 0 10 0 0 0
0 0 0 0 0 0 0 0 0 0 0 16 0 0 0 12
0 0 0 10 0 11 8 0 0 15 0 0 7 0 0 0
15 6 0 16 0 3 0 12 10 0 0 11 0 0 0 5
9 0 0 0 0 6 0 0 0 8 0 0 0 16 13 0
0 0 0 0 14 0 4 2 7 0 0 13 8 11 0 0
0 0 15 0 13 8 0 0 12 6 0 0 0 0 4 0
0 11 0 3 0 0 0 7 0 01 16 0 0 6 0 15
0 0 0 14 6 0 0 0 0 0 0 0 0 0 0 0
4 7 0 0 3 0 13 15 0 0 5 0 0 0 14 0
0 0 0 15 11 16 0 0 13 0 10 0 12 0 0 9
0 16 0 0 9 10 2 0 15 14 0 0 01 13 7 0
+
0 10 0 0 0 0 0 0 12 0 0 0 2 0 0 14
0 12 0 0 13 01 0 0 5 0 0 14 0 8 3 15
13 0 14 15 0 0 5 0 0 0 7 3 0 0 9 10
16 0 9 11 0 4 0 3 0 10 0 0 0 6 7 0
0 0 7 0 0 0 15 0 0 0 0 0 0 13 0 0
0 0 0 10 0 7 0 0 0 0 14 16 11 12 0 0
0 0 5 0 10 0 0 0 0 0 11 9 0 0 0 0
0 0 4 0 0 14 16 0 10 0 0 7 0 0 0 9
14 9 0 8 6 11 0 0 0 7 0 4 13 0 15 0
0 16 0 0 0 5 01 0 0 3 0 0 14 0 11 0
10 2 0 12 0 15 0 0 0 9 0 0 8 01 0 0
0 0 15 0 0 0 14 10 0 13 0 6 12 16 0 0
9 11 0 14 0 10 0 0 0 0 0 15 7 0 0 0
0 4 0 0 0 0 0 0 16 0 0 2 15 0 8 0
15 0 0 6 0 0 12 13 0 0 0 0 0 0 0 0
0 5 0 13 0 8 3 0 0 11 0 10 0 0 16 0
+
16 0 0 0 0 0 0 5 0 13 9 0 14 6 15 0
0 0 12 01 0 9 0 0 16 0 0 0 0 8 0 0
0 0 0 0 15 12 0 0 0 0 0 14 3 0 0 7
0 0 0 11 0 3 6 0 0 10 7 0 0 0 12 0
0 6 0 5 12 13 0 16 0 0 0 0 0 0 0 9
12 0 0 0 0 0 0 14 0 6 0 0 16 0 0 0
15 0 0 0 8 0 01 6 2 0 0 0 12 0 0 0
9 0 0 0 10 0 5 0 14 0 16 0 15 0 0 13
0 11 0 12 2 0 14 0 8 5 0 16 0 0 01 3
0 0 0 4 0 0 13 0 10 9 0 0 2 0 0 0
0 0 14 10 0 7 9 0 0 0 0 0 0 0 0 0
0 16 0 0 0 0 0 0 0 0 0 0 11 13 10 0
0 14 6 0 0 8 0 0 0 15 0 01 0 0 0 10
0 0 0 0 16 10 0 7 0 0 8 6 0 0 9 11
0 0 0 0 0 0 12 0 11 0 3 7 13 15 8 0
0 0 0 16 0 11 0 4 13 0 0 5 6 2 0 14