0 8 0 0 0 9 12 4 16 010 0 0 0 0 0 14
12 0 0 0 0 0 0 0 14 0 5 0 0 0 0 1
0 0 3 0 6 0 0 11 1 0 15 0 0 2 0 0
11 0 6 0 0 0 0 1 9 0 0 0 0 8 0 12
2 010 12 0 0 13 0 0 0 0 6 0 0 0 1 0
0 0 5 9 0 0 8 0 0 0 2 0 0 6 0 0
15 0 8 16 5 6 0 2 0 0 0 9 0 0 13 0
14 0 0 0 9 3 0 0 0 0 0 5 0 12 0 010
0 9 010 0 4 0 0 0 0 1 7 0 2 0 0 0
4 0 0 15 0 12 0 6 0 0 14 16 0 1 010 3
0 16 13 0 3 15 0 010 0 0 8 0 0 0 14 0
0 0 0 0 0 0 0 0 0 13 0 0 12 0 0 11
0 2 0 0 0 0 5 0 4 0 0 8 13 0 11 0
9 7 0 0 0 0 0 13 0 5 1 0 8 0 0 0
0 13 0 0 0 8 0 0 6 0 010 0 0 4 0 0
0 0 11 0 15 010 9 0 3 0 16 0 0 0 0 0
+
9 14 0 0 0 0 4 6 0 0 0 0 0 0 13 0
0 0 6 0 0 9 0 11 010 1 0 4 0 15 0 16
0 11 0 0 0 0 7 0 0 0 0 0 0 1 0 0
0 15 0 4 0 0 13 14 12 0 0 7 0 6 0 0
0 0 0 0 7 0 0 1 0 15 0 0 9 0 16 0
0 0 0 010 8 13 11 3 0 0 0 14 6 0 0 0
0 0 1 0 12 0 0 0 0 0 0 0 0 2 010 3
12 0 7 0 4 6 0 15 8 0 0 0 0 0 0 0
0 0 0 13 2 8 0 7 0 0 0 0 0 0 0 4
0 0 14 0 010 0 3 0 5 0 0 0 13 12 0 0
8 0 2 16 0 1 0 0 13 0 0 9 0 0 5 0
4 1 9 0 11 0 0 0 0 6 010 0 2 3 7 0
0 7 0 0 0 0 0 0 0 3 0 010 0 0 9 12
0 0 0 2 0 010 0 0 6 0 0 8 1 13 0 0
0 0 0 6 9 0 0 0 11 0 13 0 0 0 8 14
0 0 010 0 0 0 14 16 0 0 0 15 0 0 0 0
+
0 0 3 0 0 9 0 16 0 0 0 0 2 12 11 13
0 0 0 8 3 0 0 0 14 16 0 0 0 0 0 0
0 0 0 1 0 010 15 0 2 11 0 0 6 0 0 0
0 0 4 15 8 5 0 0 6 7 9 12 0 0 0 0
16 010 1 0 5 0 0 0 0 0 12 0 0 2 0 4
0 7 0 0 0 13 0 0 0 9 1 0 0 0 15 0
0 6 0 0 0 0 0 0 5 0 15 0 9 0 14 3
0 0 11 3 0 0 0 0 0 010 0 16 0 5 0 0
0 0 0 11 0 0 4 15 0 0 0 0 0 3 16 0
14 0 12 0 0 0 0 010 0 8 0 7 0 0 6 1
0 3 0 4 0 0 0 0 0 0 0 14 8 010 13 0
0 0 0 0 0 0 0 0 1 13 010 0 0 15 0 14
2 0 8 0 010 0 0 14 0 5 7 0 12 16 0 0
0 0 5 0 0 4 0 0 0 0 0 0 010 0 8 0
0 0 0 7 0 0 0 8 4 12 0 0 15 0 0 0
0 0 0 0 0 0 6 0 0 0 14 0 0 4 9 7
+
0 3 7 0 9 0 0 16 0 0 0 11 0 0 010 0
0 13 14 0 5 12 4 0 0 0 0 010 11 6 0 0
0 0 0 0 0 0 0 0 2 0 6 1 0 0 0 0
0 0 11 9 0 15 0 3 16 0 0 0 0 0 0 0
8 0 0 0 0 7 0 9 0 0 3 0 0 0 0 010
0 14 0 0 0 010 0 0 15 0 0 4 2 3 11 13
0 5 0 0 0 11 2 4 13 6 7 0 0 0 0 15
0 4 0 1 0 0 0 0 11 0 16 0 5 0 7 0
0 12 6 16 0 0 0 11 0 0 0 0 0 0 1 4
3 0 0 4 13 0 8 2 0 9 010 0 0 0 5 0
0 0 1 0 0 0 0 010 0 0 0 0 15 0 6 0
0 0 0 0 0 0 15 0 0 0 0 14 0 0 3 0
0 2 0 15 0 0 0 0 7 11 13 0 0 0 0 0
0 1 9 0 0 0 0 5 3 2 14 12 0 0 0 0
7 0 8 0 0 6 3 0 9 0 0 0 12 0 2 0
4 0 0 5 0 0 0 0 0 15 0 8 0 0 14 16
+
11 0 0 8 0 16 12 0 0 0 0 0 3 6 0 5
0 6 0 0 0 0 0 4 0 16 5 0 0 2 9 1
0 0 15 0 0 2 1 010 0 0 0 0 0 14 0 0
0 0 3 0 0 6 0 13 11 0 0 0 15 0 0 0
0 13 1 14 0 010 8 0 16 15 0 0 12 0 2 0
0 9 5 0 0 0 11 0 14 0 0 6 8 0 0 0
0 2 0 0 0 0 6 0 1 13 0 5 0 0 14 0
0 010 0 0 0 13 0 0 12 0 0 0 0 0 11 3
16 0 0 0 0 0 0 2 0 0 14 9 11 15 13 0
0 0 2 12 0 8 0 5 15 0 0 1 9 0 010 0
0 0 0 0 0 15 0 0 0 0 0 0 0 1 3 0
0 0 0 15 6 12 0 0 0 0 0 0 0 0 0 16
3 5 0 0 13 0 0 0 0 0 11 12 0 4 0 010
0 0 0 0 16 0 7 0 0 3 0 2 14 0 5 0
0 0 9 0 0 0 0 0 010 0 0 4 0 0 0 8
6 0 0 0 11 4 0 0 0 0 0 8 0 9 0 7