16 0 0 0 3 0 0 0 1 0 0 0 0 0 14 0
14 0 0 0 0 0 0 5 4 15 0 13 8 12 0 0
0 0 0 0 8 0 0 0 0 3 0 0 4 0 0 0
0 0 10 2 9 0 0 14 11 0 7 16 0 0 1 15
10 2 0 0 0 0 8 13 0 0 0 6 0 1 9 0
13 4 0 3 0 0 0 15 0 12 0 0 0 0 0 0
0 0 0 12 7 0 0 0 0 0 15 0 11 5 13 3
0 0 0 9 11 12 0 0 2 0 0 14 15 0 0 6
0 0 5 15 0 6 0 0 16 0 0 0 0 9 0 8
8 0 0 0 0 4 0 0 0 0 14 0 3 16 7 0
0 0 2 0 0 0 0 16 5 4 0 7 0 0 0 0
6 7 0 0 13 2 9 11 0 0 0 8 0 14 0 12
0 15 0 11 0 0 0 0 10 0 0 0 6 0 12 0
0 0 0 16 4 0 6 0 0 14 0 15 0 0 0 0
0 0 13 0 16 0 15 0 12 11 0 0 0 10 0 0
2 0 8 0 0 0 14 0 7 0 9 0 0 0 16 13
+
2 0 0 0 3 0 4 0 0 5 0 0 9 13 0 0
5 0 0 13 8 0 0 1 0 16 0 0 12 0 7 0
0 0 16 0 0 0 0 0 0 9 6 3 10 0 0 0
0 0 0 0 2 0 0 11 4 0 8 15 1 3 16 0
0 0 0 0 16 6 3 0 0 14 0 0 7 0 0 0
12 0 7 0 0 0 13 0 0 0 0 0 15 5 0 0
13 0 10 0 7 0 14 0 15 0 1 0 0 0 0 0
0 0 0 0 0 0 0 2 0 0 0 0 0 0 9 0
0 0 4 0 0 0 0 0 0 13 0 1 0 12 0 0
0 0 5 14 10 0 0 16 0 7 0 0 0 8 6 0
11 0 3 0 14 9 1 0 0 0 0 0 0 0 0 0
0 0 6 0 4 7 0 0 5 2 0 0 0 11 0 14
0 10 13 0 0 5 0 4 0 0 0 0 0 16 0 8
8 0 1 15 0 0 0 0 0 0 14 6 0 0 0 7
0 0 14 16 0 0 12 8 0 10 0 0 6 1 2 13
0 12 0 0 0 0 15 0 0 0 2 0 0 0 3 10
+
11 0 0 13 0 0 14 0 0 0 0 5 8 0 0 0
14 10 0 5 0 0 0 0 0 15 12 16 11 4 0 6
0 0 15 16 11 0 13 0 0 0 0 0 12 10 0 0
0 0 0 0 0 0 15 8 14 0 0 0 16 9 0 0
0 0 9 0 0 0 0 0 0 12 0 0 0 0 6 0
10 7 0 0 0 4 0 0 0 0 0 0 14 15 12 11
0 6 2 0 0 5 0 0 16 0 0 11 9 0 0 0
0 4 0 0 1 3 12 0 0 10 13 8 0 0 2 0
0 0 12 0 0 0 0 16 0 7 5 0 0 0 0 15
0 13 0 0 6 15 3 5 10 0 8 0 0 0 16 0
0 11 0 0 0 2 0 7 0 0 4 15 0 0 0 14
6 14 0 0 0 0 0 9 13 2 0 12 0 0 0 0
4 0 0 0 3 12 0 1 0 14 6 0 15 0 10 0
13 0 0 0 16 9 0 0 0 0 0 0 0 14 0 0
0 2 0 0 0 0 0 0 0 0 15 13 0 0 7 0
0 9 10 11 13 0 0 0 3 0 0 0 0 0 0 16
+
0 4 16 0 12 7 0 0 0 14 0 15 8 0 0 9
0 0 0 0 0 0 9 0 0 1 8 10 14 0 15 0
15 5 12 14 0 0 0 0 0 0 11 0 16 0 0 0
0 6 0 0 16 0 0 0 13 0 0 0 7 0 0 10
16 0 1 0 0 10 0 3 9 12 0 0 13 0 14 15
9 0 0 0 1 5 0 0 0 0 14 11 0 0 6 0
0 14 2 0 0 0 0 15 0 16 7 0 0 0 0 5
0 0 11 0 13 0 12 0 8 0 0 0 0 0 0 0
12 8 0 0 0 4 0 5 0 0 6 0 0 0 0 13
0 15 5 0 0 13 0 0 11 0 0 0 6 0 0 0
0 0 9 0 0 0 0 0 0 0 0 0 11 14 0 0
0 0 6 16 15 8 0 10 0 0 0 3 9 4 0 1
11 12 13 0 0 0 0 2 0 0 0 8 4 0 0 0
0 0 10 0 0 0 0 1 4 0 16 0 0 0 0 0
0 16 0 8 0 0 14 0 0 0 13 0 10 15 0 12
0 0 0 0 0 0 11 12 0 0 3 7 0 1 0 0
+
0 10 8 0 0 0 12 0 6 0 13 0 9 0 0 0
0 0 0 0 4 0 13 0 0 0 0 0 0 16 12 0
7 4 2 0 0 10 0 0 15 14 0 16 0 13 0 11
0 16 0 0 0 11 0 0 0 10 0 0 0 0 8 0
10 0 0 0 0 3 0 12 16 0 0 0 0 8 0 0
0 13 0 0 0 0 0 5 0 0 6 0 0 0 0 14
0 11 0 16 0 15 0 0 0 0 0 9 13 12 0 5
0 2 9 0 0 0 0 0 3 0 0 13 0 4 0 0
8 1 0 0 12 0 16 0 0 0 0 0 14 0 0 9
0 0 0 0 11 14 0 0 0 15 0 0 0 2 0 16
16 0 0 0 15 0 0 0 10 5 0 7 0 11 4 8
0 0 0 5 0 6 0 7 0 0 0 4 0 0 1 15
0 0 1 14 7 0 0 0 13 0 0 15 5 0 16 4
0 7 0 0 5 16 11 13 0 0 0 14 1 0 3 0
13 0 0 0 14 0 15 0 12 11 0 0 0 10 0 0
15 0 0 0 8 0 0 0 0 0 0 0 0 0 11 0